{"walls":[{"parentIdentifier":null,"category":{"wall":{}},"story":0,"polygonCorners":[],"transform":[-0.20432016,0,-0.97890407,0,0,0.99999994,0,0,0.9789041,0,-0.20432016,0,-4.407635,-0.021663971,1.5021465,1],"identifier":"7A4BC589-FB46-4918-9358-9C84AC137D27","curve":null,"dimensions":[6.431922,3.07875,0],"completedEdges":[],"confidence":{"high":{}}},{"parentIdentifier":null,"category":{"wall":{}},"story":0,"polygonCorners":[],"transform":[-0.9789041,0,0.2043203,0,0,0.99999994,0,0,-0.20432025,0,-0.97890407,0,-0.7063683,-0.021663971,4.0148716,1],"identifier":"3FFAAC34-9D76-48CF-B09F-7B5351B0AA5B","curve":null,"dimensions":[6.219571,3.07875,0],"completedEdges":[],"confidence":{"high":{}}},{"parentIdentifier":null,"category":{"wall":{}},"story":0,"polygonCorners":[],"transform":[0.97890407,0,-0.20432019,0,0,0.99999994,0,0,0.20432013,0,0.9789041,0,-2.332841,-0.021663971,-2.216178,1],"identifier":"8B260C0B-ED78-4A90-BEAF-F48EEE548FE0","curve":null,"dimensions":[5.581507,3.07875,0],"completedEdges":[],"confidence":{"high":{}}},{"parentIdentifier":null,"category":{"wall":{}},"story":0,"polygonCorners":[],"transform":[0.20432013,0,0.9789041,0,0,0.99999994,0,0,-0.97890407,0,0.20432013,0,2.3674603,-0.021663971,1.3288072,1],"identifier":"9795D52B-78AC-41AF-93EC-A0E3BBF96029","curve":null,"dimensions":[3.2126212,3.07875,0],"confidence":{"high":{}},"completedEdges":[]},{"parentIdentifier":null,"category":{"wall":{}},"story":0,"polygonCorners":[],"transform":[0.2043201,0,0.97890407,0,0,0.99999994,0,0,-0.9789041,0,0.2043201,0,0.5922074,-0.021663971,-1.8609109,1],"identifier":"CEE085E8-455B-4839-A86B-47B7E84CAAB3","curve":null,"dimensions":[1.8908376,3.07875,0],"confidence":{"high":{}},"completedEdges":[]},{"parentIdentifier":null,"category":{"wall":{}},"story":0,"polygonCorners":[],"transform":[0.87557113,0,0.48308933,0,0,0.99999994,0,0,-0.48308927,0,0.8755711,0,1.4123172,-0.021663971,-0.5895266,1],"identifier":"BFC25FAB-204A-43D0-A8DC-ED0EBD6E38AE","curve":null,"dimensions":[1.4320747,3.07875,0],"confidence":{"high":{}},"completedEdges":[]},{"parentIdentifier":null,"category":{"wall":{}},"story":0,"polygonCorners":[],"transform":[-0.9789042,0,0.20432007,0,0,0.99999994,0,0,-0.20432007,0,-0.97890407,0,2.4763799,-0.021663971,2.9470005,1],"identifier":"1D5D4690-E3B3-4490-8615-D15E86F050F7","curve":null,"dimensions":[0.44801518,3.07875,0],"confidence":{"high":{}},"completedEdges":[]},{"parentIdentifier":null,"category":{"wall":{}},"story":0,"polygonCorners":[],"transform":[0.20432007,0,0.9789041,0,0,0.99999994,0,0,-0.9789042,0,0.20432007,0,2.2974555,-0.021663971,3.1861243,1],"identifier":"15E79F22-FC4E-4289-A61E-E2F68DBD7944","curve":null,"dimensions":[0.3950432,3.07875,0],"confidence":{"high":{}},"completedEdges":[]}],"story":0,"doors":[{"parentIdentifier":"CEE085E8-455B-4839-A86B-47B7E84CAAB3","category":{"door":{"isOpen":false}},"story":0,"polygonCorners":[],"transform":[0.20432007,0,0.97890407,0,0,0.99999994,0,0,-0.9789042,0,0.20432001,0,0.55503464,-0.08099944,-2.0390072,1],"identifier":"4D3014F9-B66E-47C3-AD89-D3F27E117FBC","curve":null,"dimensions":[0.85369223,2.960079,0],"confidence":{"high":{}},"completedEdges":[]}],"version":2,"windows":[{"completedEdges":[],"dimensions":[2.911438,1.974736,0],"polygonCorners":[],"curve":null,"transform":[0.20432016,0,0.97890407,0,0,0.99999994,0,0,-0.9789041,0,0.20432016,0,2.3528085,0.500343,1.2586099,1],"identifier":"404F5A97-FC2C-4DCF-B81D-6CEDAB938094","story":0,"parentIdentifier":"9795D52B-78AC-41AF-93EC-A0E3BBF96029","category":{"window":{}},"confidence":{"medium":{}}},{"completedEdges":[],"dimensions":[0.5807905,1.94572,0],"polygonCorners":[],"curve":null,"transform":[0.20432012,0,0.9789042,0,0,0.99999994,0,0,-0.9789041,0,0.2043201,0,0.72445697,0.4884984,-1.2272989,1],"identifier":"E3AFE708-6A98-43C3-8740-7353CDB7B893","story":0,"parentIdentifier":"CEE085E8-455B-4839-A86B-47B7E84CAAB3","category":{"window":{}},"confidence":{"medium":{}}}],"sections":[{"story":0,"center":[0.92359513,-0.02043546,0.8311191],"label":"diningRoom"}],"objects":[{"dimensions":[0.8466796,0.82484025,0.5090332],"transform":[0.9901071,0,-0.14031361,0,0,1,0,0,0.1403136,0,0.9901071,0,-1.1046079,-1.1486189,-0.31322607,1],"identifier":"7D36A496-3429-4765-9F46-8DB56721E24B","attributes":{},"story":0,"parentIdentifier":null,"category":{"chair":{}},"confidence":{"low":{}}},{"identifier":"400F609D-9F41-4E37-9030-D3D7985C29F0","transform":[0.9802586,0,-0.1977193,0,0,1,0,0,0.19771929,0,0.9802586,0,-3.370177,-1.1484754,1.4515016,1],"category":{"chair":{}},"confidence":{"low":{}},"parentIdentifier":null,"attributes":{"ChairArmType":"existing","ChairType":"swivel","ChairLegType":"star","ChairBackType":"existing"},"story":0,"dimensions":[0.42907742,0.82512724,0.46142575]},{"identifier":"627E3E6D-E7AD-45C7-9E7E-75B00251A363","transform":[-0.97890407,0,0.20432027,0,0,0.9999999,0,0,-0.20432024,0,-0.9789039,0,-1.9266382,-1.1600726,1.5889407,1],"parentIdentifier":null,"confidence":{"low":{}},"category":{"table":{}},"attributes":{"TableType":"dining","TableShapeType":"rectangular"},"story":0,"dimensions":[1.941406,0.801933,0.981689]},{"category":{"chair":{}},"identifier":"A03CDDAF-033C-457D-8CE0-CC1017EAE3CF","dimensions":[0.44859937,0.873252,0.4788461],"transform":[-0.93410546,0,0.35699707,0,0,1,0,0,-0.35699704,0,-0.9341055,0,1.8320835,-1.124413,3.2072074,1],"story":0,"parentIdentifier":null,"attributes":{"ChairLegType":"four","ChairBackType":"existing","ChairArmType":"missing","ChairType":"dining"},"confidence":{"low":{}}},{"category":{"chair":{}},"identifier":"20F674BF-23AC-4ABB-9AB4-321C796F355E","dimensions":[0.5142823,0.9068046,0.5700683],"transform":[-0.9901969,0,0.13967833,0,0,1,0,0,-0.13967833,0,-0.9901969,0,-0.56735116,-1.1076367,-0.29559368,1],"story":0,"parentIdentifier":null,"attributes":{},"confidence":{"low":{}}},{"attributes":{"ChairLegType":"four","ChairBackType":"existing","ChairArmType":"missing","ChairType":"dining"},"parentIdentifier":null,"story":0,"transform":[0.19037396,0,0.98171157,0,0,1,0,0,-0.98171157,0,0.19037396,0,2.1090255,-1.1295676,1.8957653,1],"confidence":{"low":{}},"dimensions":[0.49951187,0.8629427,0.5577393],"category":{"chair":{}},"identifier":"71886B49-C2C5-4922-A66E-76D7E8372EC2"},{"attributes":{"ChairLegType":"four","ChairBackType":"existing","ChairArmType":"existing","ChairType":"dining"},"parentIdentifier":null,"story":0,"transform":[0.18180884,0,0.9833339,0,0,1,0,0,-0.9833339,0,0.18180884,0,1.8675742,-1.1287143,0.58337086,1],"confidence":{"low":{}},"dimensions":[0.5385743,0.86464924,0.53833],"category":{"chair":{}},"identifier":"B89A0001-E839-4B9B-9EE8-A5E033B6D735"},{"attributes":{"ChairLegType":"star","ChairBackType":"existing","ChairArmType":"missing","ChairType":"swivel"},"parentIdentifier":"627E3E6D-E7AD-45C7-9E7E-75B00251A363","story":0,"transform":[0.9790037,0,-0.20384258,0,0,1,0,0,0.2038426,0,0.9790037,0,-2.0102942,-1.1222799,1.1881423,1],"confidence":{"low":{}},"dimensions":[0.54187024,0.8775183,0.5427247],"category":{"chair":{}},"identifier":"D9543A76-80B1-44A9-96A5-4C89E1B6A898"},{"attributes":{"ChairLegType":"four","ChairBackType":"existing","ChairArmType":"missing","ChairType":"dining"},"parentIdentifier":null,"story":0,"transform":[0.2045647,0,0.97885305,0,0,1,0,0,-0.97885305,0,0.20456469,0,1.9505923,-1.1150424,1.2121023,1],"confidence":{"low":{}},"dimensions":[0.52563477,0.891993,0.58410656],"category":{"chair":{}},"identifier":"F38C54FA-6A4C-4FE7-9843-17C0518B158F"},{"category":{"chair":{}},"parentIdentifier":null,"identifier":"06194AD9-AAA5-43F5-8205-622BB51135D7","story":0,"transform":[0.42280012,0,0.90622294,0,0,1,0,0,-0.90622294,0,0.4228001,0,1.6403626,-1.1434226,-0.003337428,1],"confidence":{"low":{}},"dimensions":[0.55077696,0.8352329,0.59610933],"attributes":{"ChairArmType":"missing","ChairType":"unidentified","ChairBackType":"existing","ChairLegType":"four"}},{"category":{"chair":{}},"parentIdentifier":null,"identifier":"DC73A57C-3667-4865-AAA0-D388665CB877","story":0,"transform":[0.9706801,0,-0.24037513,0,0,0.99999994,0,0,0.24037507,0,0.97068,0,-3.6692224,-1.140697,0.17430544,1],"confidence":{"low":{}},"dimensions":[0.4545899,0.84068394,0.47753906],"attributes":{"ChairBackType":"existing","ChairType":"swivel","ChairArmType":"missing","ChairLegType":"star"}},{"category":{"chair":{}},"parentIdentifier":null,"identifier":"6F3A6C62-4F83-422B-9B6E-D3AD0A833CA5","story":0,"transform":[-0.9835627,0,0.18056688,0,0,1.0000001,0,0,-0.18056689,0,-0.9835628,0,-0.24073663,-1.138021,1.0725733,1],"confidence":{"low":{}},"dimensions":[0.51965344,0.84603584,0.54980475],"attributes":{}},{"category":{"chair":{}},"parentIdentifier":null,"identifier":"C1F067AE-1F15-43B2-AA10-9844F0484E58","story":0,"transform":[0.9946482,0,-0.10331903,0,0,1,0,0,0.10331901,0,0.9946482,0,-3.505228,-1.1265411,-1.2795339,1],"confidence":{"low":{}},"dimensions":[0.4780273,0.86899567,0.5151367],"attributes":{"ChairBackType":"existing","ChairType":"dining","ChairArmType":"existing","ChairLegType":"four"}},{"category":{"chair":{}},"parentIdentifier":null,"identifier":"A8BA72D7-A92A-43CD-A0C2-F08653101782","story":0,"transform":[-0.9829958,0,0.18362741,0,0,1,0,0,-0.18362743,0,-0.9829958,0,1.0997814,-1.1462357,3.307205,1],"confidence":{"low":{}},"dimensions":[0.6379395,0.82960653,0.59204113],"attributes":{"ChairBackType":"existing","ChairArmType":"existing","ChairType":"dining","ChairLegType":"four"}}],"openings":[],"referenceOriginTransform":[-0.42261115,0,0.9063111,0,0,1,0,0,-0.9063111,0,-0.42261115,0,-0.14598484,-0.10952134,0.06341023,1],"floors":[{"completedEdges":[],"dimensions":[6.6675863,6.487288,0],"polygonCorners":[[-3.3337927,-3.1882775,-1.1920929e-07],[-3.3337927,3.2436435,-1.1920929e-07],[2.247714,3.2436435,-1.1920929e-07],[2.2477138,1.3528063,-1.1920929e-07],[3.3337927,0.41938722,-1.1920929e-07],[3.3337927,-2.7932334,-1.1920929e-07],[2.8857775,-2.7932332,-1.1920929e-07],[2.8857775,-3.1882765,-1.1920929e-07]],"curve":null,"transform":[0.9789041,0,-0.20432016,0,-0.20432018,0,-0.97890425,0,0,1,0,0,-1.1385152,-1.561039,0.8480844,1],"identifier":"DD9C6AF4-4B9F-4A38-B210-51F385C60EDC","story":0,"parentIdentifier":null,"category":{"floor":{}},"confidence":{"high":{}}}]}
